"species" "no_complete" "no_incomplete" "prop_complete" "prop_incomplete"
"Acanthis_flammea" 12578 1179 0.00724487004103967 0.000679098567211462
"Acanthis_hornemanni" 437 49 0.000251709986320109 2.82237742098063e-05
"Accipiter_cooperii" 61695 10311 0.0355360357117143 0.0059390884872921
"Accipiter_gentilis" 473 180 0.000272445820433437 0.000103679170566635
"Accipiter_striatus" 34145 5433 0.0196673626610987 0.00312938296493628
"Actitis_macularius" 48570 3232 0.0279760961912305 0.00186161710706314
"Aechmophorus_clarkii" 123 22 7.08474332205342e-05 1.2671898624811e-05
"Aechmophorus_occidentalis" 305 60 0.000175678594571243 3.45597235222118e-05
"Aegolius_acadicus" 2453 502 0.00141291669666643 0.000289149686802506
"Aegolius_funereus" 19 5 1.09439124487004e-05 2.87997696018432e-06
"Agelaius_phoeniceus" 526976 26618 0.303535747714018 0.0153318453452372
"Aix_sponsa" 129422 7955 0.074546475628195 0.00458204334365325
"Alca_torda" 2156 191 0.00124184606523148 0.000110015119879041
"Alle_alle" 118 33 6.79674562603499e-05 1.90078479372165e-05
"Alopochen_aegyptiaca" 14 3 8.06393548851609e-06 1.72798617611059e-06
"Ammodramus_savannarum" 4528 421 0.00260810713514292 0.00024249406004752
"Ammospiza_caudacuta" 4830 185 0.00278205774353805 0.00010655914752682
"Ammospiza_leconteii" 140 30 8.06393548851609e-05 1.72798617611059e-05
"Ammospiza_maritima" 2921 151 0.00168248254013968 8.69753041975664e-05
"Ammospiza_nelsoni" 1106 96 0.000637050903592771 5.52955576355389e-05
"Anas_acuta" 26266 1713 0.0151290949672403 0.000986680106559148
"Anas_crecca" 48230 2949 0.0277802577579379 0.00169861041111671
"Anas_platyrhynchos" 484663 25167 0.279163654690762 0.0144960760313917
"Anas_rubripes" 128515 5542 0.0740240478076175 0.0031921664626683
"Anhinga_anhinga" 105 21 6.04795161638707e-05 1.20959032327741e-05
"Anser_albifrons" 2316 299 0.00133400532795738 0.000172222622219022
"Anser_brachyrhynchus" 614 90 0.000353661170710634 5.18395852833177e-05
"Anser_caerulescens" 21754 3791 0.0125302037583699 0.00218359853121175
"Anser_rossii" 1439 225 0.000828857369141047 0.000129598963208294
"Anthus_rubescens" 10043 798 0.00578472172222622 0.000459644322845417
"Antigone_canadensis" 8012 1607 0.00461487508099935 0.00092562459500324
"Antrostomus_carolinensis" 459 113 0.00026438188494492 6.50874793001656e-05
"Antrostomus_vociferus" 1995 479 0.00114911080711354 0.000275901792785658
"Aquila_chrysaetos" 1886 669 0.00108632730938152 0.000385340917272662
"Archilochus_colubris" 96120 11112 0.0553646770825833 0.00640046079631363
"Ardea_alba" 96825 7867 0.0557707538339693 0.00453135574915401
"Ardea_herodias" 220306 17604 0.126895240838073 0.0101398228814169
"Ardenna_gravis" 672 89 0.000387068903448772 5.12635898912809e-05
"Ardenna_grisea" 444 75 0.000255741954064367 4.31996544027648e-05
"Arenaria_interpres" 11504 880 0.00662625098999208 0.00050687594499244
"Asio_flammeus" 4149 644 0.00238980488156095 0.00037094103247174
"Asio_otus" 450 105 0.000259197926416589 6.04795161638707e-05
"Athene_cunicularia" 7 0 4.03196774425805e-06 0
"Aythya_affinis" 29913 1545 0.0172297501619987 0.000889912880696954
"Aythya_americana" 30062 1949 0.0173155734754122 0.00112261501907985
"Aythya_collaris" 57696 3580 0.0332326301389589 0.00206206350349197
"Aythya_fuligula" 720 134 0.000414716682266542 7.71833825329397e-05
"Aythya_marila" 34956 1744 0.0201344949240406 0.00100453596371229
"Aythya_valisineria" 14454 1013 0.00832543739650083 0.000583483332133343
"Baeolophus_bicolor" 380191 18269 0.218988264093887 0.0105228598171215
"Bartramia_longicauda" 1031 226 0.000593851249190006 0.000130174958600331
"Bombycilla_cedrorum" 189512 9807 0.10915803873569 0.00564878680970552
"Bombycilla_garrulus" 753 170 0.000433724530203758 9.79192166462668e-05
"Bonasa_umbellus" 15930 2075 0.00917560659514724 0.00119519043847649
"Botaurus_lentiginosus" 7729 904 0.00445186838505292 0.000520699834401325
"Brachyramphus_perdix" 0 0 0 0
"Branta_bernicla" 59340 3506 0.0341795665634675 0.00201943984448124
"Branta_canadensis" 604653 37958 0.348277341781266 0.0218636330909353
"Branta_hutchinsii" 4626 462 0.00266455468356253 0.000266109871121031
"Branta_leucopsis" 734 95 0.000422780617755058 5.4719562243502e-05
"Bubo_scandiacus" 7838 2373 0.00451465188278494 0.00136683706530348
"Bubo_virginianus" 13259 3523 0.00763712290301678 0.00202923176614587
"Bubulcus_ibis" 876 312 0.000504571963424293 0.000179710562315501
"Bucephala_albeola" 115291 6415 0.066407084743322 0.00369501043991648
"Bucephala_clangula" 50793 2895 0.0292565339477284 0.00166750665994672
"Bucephala_islandica" 1081 175 0.00062265101879185 0.000100799193606451
"Buteo_jamaicensis" 251958 32571 0.145126646986824 0.0187607459140327
"Buteo_lagopus" 9696 2954 0.00558485132118943 0.0017014903880769
"Buteo_lineatus" 17762 3110 0.0102308301533588 0.00179134566923465
"Buteo_platypterus" 21423 3977 0.0123395492836057 0.00229073367413061
"Buteo_regalis" 0 0 0 0
"Buteo_swainsoni" 57 20 3.28317373461012e-05 1.15199078407373e-05
"Butorides_virescens" 53127 4802 0.0306009071927425 0.00276592987256102
"Calamospiza_melanocorys" 20 3 1.15199078407373e-05 1.72798617611059e-06
"Calcarius_lapponicus" 2890 289 0.00166462668298654 0.000166462668298654
"Calcarius_ornatus" 0 0 0 0
"Calcarius_pictus" 10 9 5.75995392036864e-06 5.18395852833177e-06
"Calidris_acuminata" 7 0 4.03196774425805e-06 0
"Calidris_alba" 21293 1418 0.0122646698826409 0.000816761465908273
"Calidris_alpina" 17767 1292 0.010233710130319 0.000744186046511628
"Calidris_bairdii" 1949 205 0.00112261501907985 0.000118079055367557
"Calidris_canutus" 4136 388 0.00238231694146447 0.000223486212110303
"Calidris_falcinellus" 0 0 0 0
"Calidris_ferruginea" 48 17 2.76477788177695e-05 9.79192166462668e-06
"Calidris_fuscicollis" 4568 433 0.00263114695082439 0.000249406004751962
"Calidris_himantopus" 3553 331 0.00204651162790698 0.000190654474764202
"Calidris_maritima" 3033 272 0.00174699402404781 0.000156670746634027
"Calidris_mauri" 1026 82 0.000590971272229822 4.72316221470228e-05
"Calidris_melanotos" 9162 854 0.00527726978184175 0.000491900064799482
"Calidris_minuta" 0 0 0 0
"Calidris_minutilla" 35757 2428 0.0205958672330621 0.0013985168118655
"Calidris_pugnax" 435 95 0.000250557995536036 5.4719562243502e-05
"Calidris_pusilla" 27738 1739 0.0159769601843185 0.00100165598675211
"Calidris_ruficollis" 29 6 1.6703866369069e-05 3.45597235222118e-06
"Calidris_subruficollis" 1033 178 0.00059500323997408 0.000102527179782562
"Calonectris_diomedea" 985 150 0.000567355461156311 8.63993088055296e-05
"Calypte_anna" 1 1 5.75995392036864e-07 5.75995392036864e-07
"Caracara_cheriway" 66 29 3.8015695874433e-05 1.6703866369069e-05
"Cardellina_canadensis" 17913 1202 0.0103178054575563 0.00069234646122831
"Cardellina_pusilla" 13524 1043 0.00778976168190654 0.000600763193894449
"Cardinalis_cardinalis" 722823 34504 0.416342717258262 0.0198741450068399
"Carduelis_carduelis" 901 90 0.000518971848225214 5.18395852833177e-05
"Cathartes_aura" 188974 23631 0.108848153214774 0.0136113471092231
"Catharus_bicknelli" 974 533 0.000561019511843905 0.000307005543955648
"Catharus_fuscescens" 63568 3042 0.0366148750809994 0.00175217798257614
"Catharus_guttatus" 70536 4994 0.0406284109727122 0.0028765209878321
"Catharus_minimus" 4418 387 0.00254474764201886 0.000222910216718266
"Catharus_ustulatus" 29705 4479 0.017109943120455 0.00257988336093311
"Centronyx_bairdii" 0 0 0 0
"Centronyx_henslowii" 667 87 0.000384188926488588 5.01115991072071e-05
"Cepphus_grylle" 70 11 4.03196774425805e-05 6.3359493124055e-06
"Certhia_americana" 55302 3305 0.0318536971704226 0.00190366477068183
"Chaetura_pelagica" 80564 7242 0.0464044927640579 0.00417135862913097
"Charadrius_hiaticula" 3 3 1.72798617611059e-06 1.72798617611059e-06
"Charadrius_melodus" 7288 679 0.00419785441716466 0.00039110087119303
"Charadrius_semipalmatus" 26390 1808 0.0152005183958528 0.00104139966880265
"Charadrius_vociferus" 123166 8795 0.0709430484556124 0.00506587947296422
"Charadrius_wilsonia" 46 9 2.64957880336957e-05 5.18395852833177e-06
"Chlidonias_leucopterus" 0 0 0 0
"Chlidonias_niger" 6189 798 0.00356483548131615 0.000459644322845417
"Chloris_chloris" 1 0 5.75995392036864e-07 0
"Chondestes_grammacus" 1124 151 0.000647418820649435 8.69753041975664e-05
"Chordeiles_minor" 6368 2055 0.00366793865649075 0.00118367053063575
"Chroicocephalus_cirrocephalus" 54 30 3.11037511699906e-05 1.72798617611059e-05
"Chroicocephalus_philadelphia" 23998 2090 0.0138227374181007 0.00120383036935705
"Chroicocephalus_ridibundus" 1042 165 0.000600187198502412 9.50392396860825e-05
"Circus_hudsonius" 49999 6999 0.0287991936064511 0.00403139174886601
"Cistothorus_palustris" 24737 1194 0.0142483980128159 0.000687738498092015
"Cistothorus_platensis" 589 63 0.000339261285909713 3.62877096983224e-05
"Clangula_hyemalis" 42254 2342 0.0243381092951256 0.00134898120815033
"Coccothraustes_vespertinus" 5633 1038 0.00324458204334365 0.000597883216934265
"Coccyzus_americanus" 14199 1364 0.00817855857153143 0.000785657714738282
"Coccyzus_erythropthalmus" 8307 1012 0.00478479372165023 0.000582907336741306
"Colaptes_auratus" 304571 14354 0.17543149254806 0.00826783785729714
"Colinus_virginianus" 319 81 0.00018374253005976 4.6655626754986e-05
"Columba_livia" 271407 20754 0.156329181366549 0.0119542083663331
"Columbina_inca" 2 0 1.15199078407373e-06 0
"Columbina_passerina" 103 35 5.9327525379797e-05 2.01598387212902e-05
"Contopus_cooperi" 3577 379 0.00206033551731586 0.000218302253581971
"Contopus_virens" 97487 4497 0.0561520627834977 0.00259025127798978
"Coragyps_atratus" 16137 3420 0.00929483764129887 0.00196990424076607
"Corvus_brachyrhynchos" 656647 40596 0.37822564619483 0.0233831089351285
"Corvus_corax" 81255 11140 0.0468025055799554 0.00641658866729066
"Corvus_ossifragus" 60845 4990 0.035046439628483 0.00287421700626395
"Coturnicops_noveboracensis" 0 1 0 5.75995392036864e-07
"Crex_crex" 103 41 5.9327525379797e-05 2.36158110735114e-05
"Cyanocitta_cristata" 761889 38940 0.438844553243574 0.0224292605659155
"Cygnus_buccinator" 9254 1189 0.00533026135790914 0.000684858521131831
"Cygnus_columbianus" 11782 1481 0.00678637770897833 0.000853049175606595
"Cygnus_olor" 104048 6015 0.0599311685506516 0.00346461228310174
"Dendrocygna_autumnalis" 468 105 0.000269565843473252 6.04795161638707e-05
"Dendrocygna_bicolor" 0 0 0 0
"Dolichonyx_oryzivorus" 33540 2640 0.0193188854489164 0.00152062783497732
"Dryobates_pubescens" 520672 24422 0.299904672762618 0.0140669594643243
"Dryobates_villosus" 209116 10222 0.120449852401181 0.00588782489740082
"Dryocopus_pileatus" 111064 9730 0.0639723522211822 0.00560443516451868
"Dumetella_carolinensis" 379790 17818 0.21875728994168 0.0102630858953128
"Egretta_caerulea" 5644 386 0.00325091799265606 0.000222334221326229
"Egretta_garzetta" 25 1 1.43998848009216e-05 5.75995392036864e-07
"Egretta_gularis" 0 0 0 0
"Egretta_rufescens" 0 0 0 0
"Egretta_thula" 32149 1664 0.0185176758585931 0.000958456332349341
"Egretta_tricolor" 1039 97 0.000598459212326301 5.58715530275758e-05
"Elanoides_forficatus" 135 73 7.77593779249766e-05 4.20476636186911e-05
"Empidonax_alnorum" 15225 911 0.00876952984376125 0.000524731802145583
"Empidonax_difficilis" 82 15 4.72316221470228e-05 8.63993088055296e-06
"Empidonax_flaviventris" 5032 1541 0.0028984088127295 0.000887608899128807
"Empidonax_hammondii" 147 18 8.4671322629419e-05 1.03679170566635e-05
"Empidonax_minimus" 32664 1753 0.0188143134854921 0.00100971992224062
"Empidonax_traillii" 32770 1502 0.018875368997048 0.000865145078839369
"Empidonax_virescens" 2945 263 0.00169630642954856 0.000151486788105695
"Eremophila_alpestris" 25615 2700 0.0147541219670243 0.00155518755849953
"Eudocimus_albus" 105 37 6.04795161638707e-05 2.1311829505364e-05
"Euphagus_carolinus" 21206 1517 0.0122145582835337 0.000873785009719922
"Euphagus_cyanocephalus" 9 5 5.18395852833177e-06 2.87997696018432e-06
"Falco_columbarius" 26198 5298 0.0150899272805818 0.0030516235870113
"Falco_peregrinus" 31859 5408 0.0183506371949024 0.00311498308013536
"Falco_sparverius" 56621 13116 0.0326134350925193 0.0075547555619555
"Fratercula_arctica" 13 1 7.48794009647923e-06 5.75995392036864e-07
"Fregata_magnificens" 2 1 1.15199078407373e-06 5.75995392036864e-07
"Fulica_americana" 49025 2980 0.0282381740946072 0.00171646626826985
"Fulmarus_glacialis" 31 1 1.78558571531428e-05 5.75995392036864e-07
"Gallinago_delicata" 11238 1027 0.00647303621571027 0.000591547267621859
"Gallinula_galeata" 15971 1238 0.00919922240622075 0.000713082295341637
"Gavia_adamsii" 0 0 0 0
"Gavia_immer" 69076 5928 0.0397874577003384 0.00341450068399453
"Gavia_pacifica" 189 20 0.000108863129094967 1.15199078407373e-05
"Gavia_stellata" 23601 1382 0.013594067247462 0.000796025631794946
"Gelochelidon_nilotica" 1153 107 0.000664122687018504 6.16315069479444e-05
"Geothlypis_formosa" 859 125 0.000494780041759666 7.1999424004608e-05
"Geothlypis_philadelphia" 6891 628 0.00396918424652603 0.00036172510619915
"Geothlypis_tolmiei" 0 0 0 0
"Geothlypis_trichas" 220426 9898 0.126964360285118 0.00570120239038088
"Haematopus_palliatus" 29451 1644 0.0169636402908777 0.000946936424508604
"Haemorhous_mexicanus" 281180 14299 0.161958384332925 0.00823615811073511
"Haemorhous_purpureus" 80781 6220 0.0465294837641299 0.00358269133846929
"Haliaeetus_albicilla" 0 0 0 0
"Haliaeetus_leucocephalus" 114259 17776 0.06581265749874 0.0102388940888473
"Helmitheros_vermivorum" 6825 430 0.0039311685506516 0.000247678018575851
"Himantopus_mexicanus" 363 69 0.000209086327309382 3.97436820505436e-05
"Hirundo_rustica" 190672 10911 0.109826193390453 0.00628468572251422
"Histrionicus_histrionicus" 2446 264 0.00140888472892217 0.000152062783497732
"Hydrocoloeus_minutus" 1085 189 0.000624955000359997 0.000108863129094967
"Hydroprogne_caspia" 34911 2705 0.0201085751313989 0.00155806753545972
"Hylocichla_mustelina" 90299 4855 0.0520118079055368 0.00279645762833897
"Icteria_virens" 1558 191 0.000897400820793434 0.000110015119879041
"Icterus_bullockii" 42 6 2.41918064655483e-05 3.45597235222118e-06
"Icterus_galbula" 156222 10889 0.0899831521347829 0.00627201382388941
"Icterus_parisorum" 0 0 0 0
"Icterus_spurius" 16353 1261 0.00941925264597883 0.000726330189358485
"Ictinia_mississippiensis" 210 79 0.000120959032327741 4.55036359709122e-05
"Ixobrychus_exilis" 2927 278 0.0016859385124919 0.000160126718986248
"Ixoreus_naevius" 460 82 0.000264957880336957 4.72316221470228e-05
"Junco_hyemalis" 333585 18797 0.192143422852617 0.0108269853841169
"Lagopus_lagopus" 55 21 3.16797465620275e-05 1.20959032327741e-05
"Lanius_borealis" 3615 863 0.00208222334221326 0.000497084023327813
"Lanius_ludovicianus" 47 23 2.70717834257326e-05 1.32478940168479e-05
"Larus_argentatus" 309425 12605 0.178227374181007 0.00726042191662467
"Larus_californicus" 11 3 6.3359493124055e-06 1.72798617611059e-06
"Larus_canus" 117 30 6.73914608683131e-05 1.72798617611059e-05
"Larus_crassirostris" 0 0 0 0
"Larus_delawarensis" 382629 20556 0.220392540859673 0.0118401612787098
"Larus_fuscus" 10742 1233 0.00618734250125999 0.000710202318381453
"Larus_glaucoides" 6596 898 0.00379926560587515 0.000517243862049104
"Larus_hyperboreus" 3756 472 0.00216343869249046 0.0002718698250414
"Larus_marinus" 178986 7067 0.10309511123911 0.00407055943552452
"Larus_occidentalis" 0 0 0 0
"Larus_schistisagus" 123 34 7.08474332205342e-05 1.95838433292534e-05
"Leiothlypis_celata" 3139 247 0.00180804953560372 0.000142270861833105
"Leiothlypis_peregrina" 18092 1374 0.0104209086327309 0.000791417668658651
"Leiothlypis_ruficapilla" 29973 1900 0.0172643098855209 0.00109439124487004
"Leiothlypis_virginiae" 48 15 2.76477788177695e-05 8.63993088055296e-06
"Leucophaeus_atricilla" 59362 3004 0.0341922384620923 0.00173029015767874
"Leucophaeus_pipixcan" 331 58 0.000190654474764202 3.34077327381381e-05
"Leucosticte_tephrocotis" 28 8 1.61278709770322e-05 4.60796313629491e-06
"Limnodromus_griseus" 11264 777 0.00648801209590323 0.000447548419612643
"Limnodromus_scolopaceus" 2049 182 0.00118021455828353 0.000104831161350709
"Limnothlypis_swainsonii" 165 39 9.50392396860825e-05 2.24638202894377e-05
"Limosa_fedoa" 1126 117 0.000648570811433508 6.73914608683131e-05
"Limosa_haemastica" 984 144 0.000566779465764274 8.29433364533084e-05
"Limosa_lapponica" 2 1 1.15199078407373e-06 5.75995392036864e-07
"Limosa_limosa" 0 0 0 0
"Lophodytes_cucullatus" 88385 5709 0.0509093527251782 0.00328835769313846
"Loxia_curvirostra" 3062 425 0.00176369789041688 0.000244798041615667
"Loxia_leucoptera" 1467 192 0.000844985240118079 0.000110591115271078
"Mareca_americana" 45131 2534 0.0259952480380157 0.00145957232342141
"Mareca_penelope" 2675 288 0.00154078767369861 0.000165886672906617
"Mareca_strepera" 61912 3185 0.0356610267117863 0.00183454532363741
"Megaceryle_alcyon" 132889 8590 0.0765434516523868 0.00494780041759666
"Megascops_asio" 9846 2768 0.00567125062999496 0.00159435524515804
"Melanerpes_carolinus" 443979 20818 0.255729858161135 0.0119910720714234
"Melanerpes_erythrocephalus" 7913 1069 0.0045578515371877 0.000615739074087407
"Melanerpes_lewis" 23 13 1.32478940168479e-05 7.48794009647923e-06
"Melanitta_americana" 15155 923 0.00872921016631867 0.000531643746850025
"Melanitta_deglandi" 22952 1401 0.0132202462380301 0.000806969544243646
"Melanitta_perspicillata" 14345 912 0.00826265389876881 0.00052530779753762
"Meleagris_gallopavo" 47333 13393 0.0272635898912809 0.00771430628554972
"Melospiza_georgiana" 114170 3750 0.0657613939088487 0.00215998272013824
"Melospiza_lincolnii" 11874 735 0.00683936928504572 0.000423356613147095
"Melospiza_melodia" 583223 22724 0.335933760529916 0.0130889192886457
"Mergellus_albellus" 1 0 5.75995392036864e-07 0
"Mergus_merganser" 106837 7158 0.0615376196990424 0.00412297501619987
"Mergus_serrator" 77850 4123 0.0448412412700698 0.00237482900136799
"Mimus_polyglottos" 189658 11297 0.109242134062928 0.00650701994384045
"Mniotilta_varia" 76647 5025 0.0441483188134495 0.00289437684498524
"Molothrus_aeneus" 0 1 0 5.75995392036864e-07
"Molothrus_ater" 167010 8357 0.0961969904240766 0.00481359349125207
"Morus_bassanus" 10758 891 0.00619655842753258 0.000513211894304846
"Motacilla_tschutschensis" 0 0 0 0
"Myadestes_townsendi" 370 46 0.00021311829505364 2.64957880336957e-05
"Mycteria_americana" 5 1 2.87997696018432e-06 5.75995392036864e-07
"Myiarchus_cinerascens" 340 50 0.000195838433292534 2.87997696018432e-05
"Myiarchus_crinitus" 80635 4334 0.0464453884368925 0.00249636402908777
"Myioborus_pictus" 22 5 1.2671898624811e-05 2.87997696018432e-06
"Myiopsitta_monachus" 7236 1048 0.00416790265677875 0.000603643170854633
"Numenius_americanus" 0 0 0 0
"Numenius_phaeopus" 1718 257 0.000989560083519332 0.000148030815753474
"Nyctanassa_violacea" 11915 703 0.00686298509611923 0.000404924760601915
"Nycticorax_nycticorax" 33730 2593 0.0194283245734034 0.00149355605155159
"Oceanites_oceanicus" 656 112 0.000377852977176183 6.45114839081287e-05
"Oceanodroma_castro" 32 1 1.84318525451796e-05 5.75995392036864e-07
"Oceanodroma_leucorhoa" 82 11 4.72316221470228e-05 6.3359493124055e-06
"Oenanthe_oenanthe" 141 49 8.12153502771978e-05 2.82237742098063e-05
"Onychoprion_anaethetus" 71 12 4.08956728346173e-05 6.91194470444236e-06
"Onychoprion_fuscatus" 31 9 1.78558571531428e-05 5.18395852833177e-06
"Oporornis_agilis" 597 82 0.000343869249046008 4.72316221470228e-05
"Oreoscoptes_montanus" 230 25 0.000132478940168479 1.43998848009216e-05
"Oxyura_jamaicensis" 49157 2654 0.0283142054863561 0.00152869177046584
"Pagophila_eburnea" 15 8 8.63993088055296e-06 4.60796313629491e-06
"Pandion_haliaetus" 130631 13185 0.0752428540571675 0.00759449924400605
"Parkesia_motacilla" 13460 1114 0.00775289797681619 0.000641658866729066
"Parkesia_noveboracensis" 37222 2078 0.0214397004823961 0.0011969184246526
"Passer_domesticus" 462777 27353 0.266557419540644 0.0157552019583843
"Passerculus_sandwichensis" 50143 2890 0.0288821369429045 0.00166462668298654
"Passerella_iliaca" 29475 2238 0.0169774641802866 0.0012890776873785
"Passerina_amoena" 0 0 0 0
"Passerina_caerulea" 1749 190 0.00100741594067247 0.000109439124487004
"Passerina_ciris" 673 127 0.000387644898840809 7.31514147886817e-05
"Passerina_cyanea" 58518 3932 0.0337060983512132 0.00226481388148895
"Patagioenas_fasciata" 0 0 0 0
"Pelagodroma_marina" 10 4 5.75995392036864e-06 2.30398156814745e-06
"Pelecanus_erythrorhynchos" 1704 343 0.000981496148030816 0.000197566419468644
"Pelecanus_occidentalis" 284 131 0.000163582691338469 7.54553963568291e-05
"Perdix_perdix" 1 0 5.75995392036864e-07 0
"Perisoreus_canadensis" 2516 262 0.00144920440636475 0.000150910792713658
"Petrochelidon_fulva" 286 64 0.000164734682122543 3.68637050903593e-05
"Petrochelidon_pyrrhonota" 7884 787 0.00454114767081863 0.000453308373533012
"Peucaea_aestivalis" 0 0 0 0
"Peucaea_cassinii" 0 0 0 0
"Phaethon_aethereus" 0 0 0 0
"Phaethon_lepturus" 2 0 1.15199078407373e-06 0
"Phalacrocorax_auritus" 222877 12438 0.128376124991 0.00716423068615451
"Phalacrocorax_brasilianus" 66 23 3.8015695874433e-05 1.32478940168479e-05
"Phalacrocorax_carbo" 9547 542 0.00549902800777594 0.00031218950248398
"Phalaropus_fulicarius" 345 83 0.000198718410252718 4.78076175390597e-05
"Phalaropus_lobatus" 715 159 0.000411836705306358 9.15832673338613e-05
"Phalaropus_tricolor" 906 118 0.000521851825185399 6.79674562603499e-05
"Phasianus_colchicus" 8370 1598 0.00482108143134855 0.000920440636474908
"Pheucticus_ludovicianus" 93785 6871 0.0540197278421773 0.00395766433868529
"Pheucticus_melanocephalus" 0 0 0 0
"Pica_hudsonia" 0 0 0 0
"Picoides_arcticus" 1185 142 0.000682554539563683 8.17913456692346e-05
"Picoides_dorsalis" 6 0 3.45597235222118e-06 0
"Pinicola_enucleator" 793 248 0.000456764345885233 0.000142846857225142
"Pipilo_chlorurus" 14 3 8.06393548851609e-06 1.72798617611059e-06
"Pipilo_erythrophthalmus" 126070 6427 0.0726157390740874 0.00370192238462092
"Pipilo_maculatus" 1 0 5.75995392036864e-07 0
"Piranga_ludoviciana" 635 154 0.000365757073943408 8.8703290373677e-05
"Piranga_olivacea" 64183 4090 0.036969112247102 0.00235582115343077
"Piranga_rubra" 1367 205 0.000787385700914393 0.000118079055367557
"Platalea_ajaja" 3 2 1.72798617611059e-06 1.15199078407373e-06
"Plectrophenax_nivalis" 13627 2107 0.00784908920728634 0.00121362229102167
"Plegadis_chihi" 307 65 0.000176830585355317 3.74397004823961e-05
"Plegadis_falcinellus" 13331 833 0.00767859457124343 0.000479804161566707
"Pluvialis_dominica" 2966 386 0.00170840233278134 0.000222334221326229
"Pluvialis_squatarola" 20789 1424 0.0119743682050544 0.000820217438260494
"Podiceps_auritus" 29734 1871 0.0171266469868241 0.00107768737850097
"Podiceps_grisegena" 7834 667 0.00451234790121679 0.000384188926488588
"Podiceps_nigricollis" 728 91 0.000419324645402837 5.24155806753546e-05
"Podilymbus_podiceps" 46928 2948 0.0270303117575059 0.00169803441572467
"Poecile_atricapillus" 661083 32194 0.380780761753906 0.0185435956512348
"Poecile_hudsonicus" 1155 291 0.000665274677802578 0.000167614659082727
"Polioptila_caerulea" 54227 2531 0.031234502123983 0.0014578443372453
"Pooecetes_gramineus" 4532 587 0.00261041111671107 0.000338109295125639
"Porphyrio_martinica" 174 45 0.000100223198214414 2.59197926416589e-05
"Porzana_carolina" 3185 313 0.00183454532363741 0.000180286557707538
"Progne_subis" 26348 2135 0.0151763265893873 0.0012297501619987
"Protonotaria_citrea" 2373 348 0.00136683706530348 0.000200446396428829
"Pterodroma_arminjoniana" 1 0 5.75995392036864e-07 0
"Pterodroma_feae" 1 2 5.75995392036864e-07 1.15199078407373e-06
"Pterodroma_hasitata" 14 2 8.06393548851609e-06 1.15199078407373e-06
"Pterodroma_inexpectata" 0 0 0 0
"Puffinus_lherminieri" 48 3 2.76477788177695e-05 1.72798617611059e-06
"Puffinus_puffinus" 204 42 0.00011750305997552 2.41918064655483e-05
"Quiscalus_major" 13867 841 0.00798732810137519 0.000484412124703002
"Quiscalus_quiscula" 416315 22769 0.239795521635827 0.0131148390812873
"Rallus_crepitans" 7387 270 0.00425487796097631 0.000155518755849953
"Rallus_elegans" 1 1 5.75995392036864e-07 5.75995392036864e-07
"Rallus_limicola" 9883 766 0.00569256245950032 0.000441212470300238
"Recurvirostra_americana" 1033 150 0.00059500323997408 8.63993088055296e-05
"Regulus_calendula" 106194 5793 0.0611672546619627 0.00333674130606955
"Regulus_satrapa" 72562 4017 0.0417953776369789 0.00231377348981208
"Rhodostethia_rosea" 146 11 8.40953272373821e-05 6.3359493124055e-06
"Riparia_riparia" 24199 1356 0.0139385124919001 0.000781049751601987
"Rissa_tridactyla" 647 106 0.000372669018647851 6.10555115559076e-05
"Rynchops_niger" 8666 572 0.00499157606739146 0.000329469364245086
"Sayornis_phoebe" 186890 10993 0.107647778817769 0.00633191734466124
"Sayornis_saya" 134 26 7.71833825329397e-05 1.49758801929585e-05
"Scolopax_minor" 11984 2440 0.00690272877816977 0.00140542875656995
"Seiurus_aurocapilla" 98733 5179 0.0568697530419757 0.00298308013535892
"Selasphorus_calliope" 3 1 1.72798617611059e-06 5.75995392036864e-07
"Selasphorus_rufus" 378 135 0.000217726258189934 7.77593779249766e-05
"Setophaga_americana" 53065 3461 0.0305651954784362 0.00199352005183959
"Setophaga_caerulescens" 52911 3502 0.0304764921880625 0.0020171358629131
"Setophaga_castanea" 13694 951 0.00788768089855281 0.000547771617827057
"Setophaga_cerulea" 6150 487 0.00354237166102671 0.000280509755921953
"Setophaga_citrina" 17721 1362 0.0102072143422853 0.000784505723954208
"Setophaga_coronata" 158464 8603 0.0912745338037296 0.00495528835769314
"Setophaga_discolor" 21657 1392 0.0124743322053424 0.000801785585715314
"Setophaga_dominica" 1537 182 0.00088530491756066 0.000104831161350709
"Setophaga_fusca" 29672 1902 0.0170909352725178 0.00109554323565411
"Setophaga_graciae" 28 18 1.61278709770322e-05 1.03679170566635e-05
"Setophaga_kirtlandii" 173 41 9.96472028223774e-05 2.36158110735114e-05
"Setophaga_magnolia" 59412 3545 0.0342210382316941 0.00204190366477068
"Setophaga_nigrescens" 19 5 1.09439124487004e-05 2.87997696018432e-06
"Setophaga_occidentalis" 22 18 1.2671898624811e-05 1.03679170566635e-05
"Setophaga_palmarum" 53744 3296 0.0309562963496292 0.0018984808121535
"Setophaga_pensylvanica" 59734 3026 0.03440650874793 0.00174296205630355
"Setophaga_petechia" 185409 9581 0.106794729642163 0.00551861185110519
"Setophaga_pinus" 43069 2778 0.0248075455396357 0.00160011519907841
"Setophaga_ruticilla" 119102 6676 0.0686022031823745 0.0038453452372381
"Setophaga_striata" 36556 4499 0.0210560875512996 0.00259140326877385
"Setophaga_tigrina" 15319 1220 0.00882367341061271 0.000702714378284974
"Setophaga_townsendi" 60 10 3.45597235222118e-05 5.75995392036864e-06
"Setophaga_virens" 59341 3553 0.0341801425588595 0.00204651162790698
"Sialia_currucoides" 104 23 5.99035207718338e-05 1.32478940168479e-05
"Sialia_sialis" 123768 10550 0.0712897976816185 0.00607675138598891
"Sitta_canadensis" 102931 6802 0.0592877816977464 0.00391792065663475
"Sitta_carolinensis" 408548 19185 0.235321765425877 0.0110504715962272
"Somateria_mollissima" 10692 745 0.00615854273165815 0.000429116567067463
"Somateria_spectabilis" 1642 202 0.00094578443372453 0.000116351069191446
"Spatula_clypeata" 48416 3109 0.0278873929008568 0.00179076967384261
"Spatula_cyanoptera" 0 0 0 0
"Spatula_discors" 18205 1465 0.0104859961120311 0.000843833249334005
"Spatula_querquedula" 96 21 5.52955576355389e-05 1.20959032327741e-05
"Sphyrapicus_varius" 92733 5558 0.0534137806897545 0.00320138238894089
"Spinus_pinus" 34082 3311 0.0196310749514004 0.00190712074303406
"Spinus_tristis" 599573 28753 0.345351285189718 0.0165615955072359
"Spiza_americana" 1411 188 0.000812729498164015 0.00010828713370293
"Spizella_pallida" 2128 290 0.00122571819425445 0.00016703866369069
"Spizella_passerina" 219600 13372 0.126488588091295 0.00770221038231694
"Spizella_pusilla" 69529 3300 0.0400483836129311 0.00190078479372165
"Spizelloides_arborea" 78009 4072 0.0449328245374037 0.00234545323637411
"Stelgidopteryx_serripennis" 43727 2352 0.0251865505075959 0.0013547411620707
"Stercorarius_longicaudus" 85 4 4.89596083231334e-05 2.30398156814745e-06
"Stercorarius_maccormicki" 11 4 6.3359493124055e-06 2.30398156814745e-06
"Stercorarius_parasiticus" 1012 124 0.000582907336741306 7.14234286125711e-05
"Stercorarius_pomarinus" 91 14 5.24155806753546e-05 8.06393548851609e-06
"Stercorarius_skua" 1 0 5.75995392036864e-07 0
"Sterna_dougallii" 2095 300 0.00120671034631723 0.000172798617611059
"Sterna_forsteri" 21686 1106 0.0124910360717114 0.000637050903592771
"Sterna_hirundo" 37111 2841 0.02137576499388 0.00163640290877673
"Sterna_paradisaea" 266 47 0.000153214774281806 2.70717834257326e-05
"Sternula_antillarum" 15671 983 0.00902642378860969 0.000566203470372237
"Streptopelia_decaocto" 174 50 0.000100223198214414 2.87997696018432e-05
"Strix_varia" 16139 4401 0.00929598963208294 0.00253495572035424
"Sturnella_magna" 21818 2475 0.0125670674634603 0.00142558859529124
"Sturnella_neglecta" 123 39 7.08474332205342e-05 2.24638202894377e-05
"Sturnus_vulgaris" 567282 32667 0.326751817985456 0.0188160414716682
"Sula_leucogaster" 377 94 0.000217150262797898 5.41435668514652e-05
"Synthliboramphus_antiquus" 0 0 0 0
"Tachycineta_bicolor" 207826 10333 0.119706818345453 0.00595176038591691
"Tadorna_tadorna" 2 2 1.15199078407373e-06 1.15199078407373e-06
"Thalassarche_chlororhynchos" 1 0 5.75995392036864e-07 0
"Thalasseus_elegans" 45 22 2.59197926416589e-05 1.2671898624811e-05
"Thalasseus_maximus" 5373 535 0.00309482324141407 0.000308157534739722
"Thalasseus_sandvicensis" 121 33 6.96954424364605e-05 1.90078479372165e-05
"Thryomanes_bewickii" 0 0 0 0
"Thryothorus_ludovicianus" 204993 10067 0.118075023399813 0.00579854561163511
"Toxostoma_rufum" 48559 3639 0.0279697602419181 0.00209604723162215
"Tringa_erythropus" 0 0 0 0
"Tringa_flavipes" 27708 2149 0.0159596803225574 0.00123781409748722
"Tringa_glareola" 25 2 1.43998848009216e-05 1.15199078407373e-06
"Tringa_melanoleuca" 42703 2862 0.0245967312261502 0.0016484988120095
"Tringa_nebularia" 42 5 2.41918064655483e-05 2.87997696018432e-06
"Tringa_semipalmata" 16500 950 0.00950392396860825 0.000547195622435021
"Tringa_solitaria" 20385 1640 0.0117416660666715 0.000944632442940456
"Troglodytes_aedon" 143854 7833 0.082859241126071 0.00451177190582475
"Troglodytes_hiemalis" 34855 4306 0.0200763193894449 0.00248023615811074
"Turdus_migratorius" 752916 40854 0.433676146590827 0.023531715746274
"Turdus_pilaris" 0 0 0 0
"Tyrannus_couchii" 192 51 0.000110591115271078 2.937576499388e-05
"Tyrannus_dominicensis" 98 30 5.64475484196126e-05 1.72798617611059e-05
"Tyrannus_forficatus" 130 35 7.48794009647923e-05 2.01598387212902e-05
"Tyrannus_melancholicus" 54 10 3.11037511699906e-05 5.75995392036864e-06
"Tyrannus_savana" 18 9 1.03679170566635e-05 5.18395852833177e-06
"Tyrannus_tyrannus" 94316 5894 0.0543255813953488 0.00339491684066527
"Tyrannus_verticalis" 397 75 0.000228670170638635 4.31996544027648e-05
"Tyrannus_vociferans" 193 30 0.000111167110663115 1.72798617611059e-05
"Uria_aalge" 107 3 6.16315069479444e-05 1.72798617611059e-06
"Uria_lomvia" 265 33 0.000152638778889769 1.90078479372165e-05
"Vanellus_vanellus" 22 11 1.2671898624811e-05 6.3359493124055e-06
"Vermivora_chrysoptera" 2406 243 0.00138584491324069 0.000139966880264958
"Vermivora_cyanoptera" 32958 1846 0.018983656130751 0.00106328749370005
"Vireo_bellii" 1 1 5.75995392036864e-07 5.75995392036864e-07
"Vireo_flavifrons" 27789 1464 0.0160063359493124 0.000843257253941969
"Vireo_gilvus" 102297 4345 0.058922600619195 0.00250269997840017
"Vireo_griseus" 7303 384 0.00420649434804522 0.000221182230542156
"Vireo_olivaceus" 151532 6890 0.08728173374613 0.00396860825113399
"Vireo_philadelphicus" 4807 280 0.0027688098495212 0.000161278709770322
"Vireo_solitarius" 50951 2769 0.0293475412196702 0.00159493124055008
"Xanthocephalus_xanthocephalus" 420 105 0.000241918064655483 6.04795161638707e-05
"Xema_sabini" 193 57 0.000111167110663115 3.28317373461012e-05
"Zenaida_asiatica" 198 23 0.000114047087623299 1.32478940168479e-05
"Zenaida_macroura" 647171 34634 0.372767513859889 0.0199490244078047
"Zonotrichia_albicollis" 322059 16865 0.185504499964 0.00971416228670171
"Zonotrichia_atricapilla" 192 4 0.000110591115271078 2.30398156814745e-06
"Zonotrichia_leucophrys" 38034 3324 0.0219074087407301 0.00191460868313053
"Zonotrichia_querula" 186 30 0.000107135142918857 1.72798617611059e-05
